11000011000011000000000000000000
11000010110010000000000000000000
11000010011100000000000000000000
11000001101000000000000000000000
01000001101000000000000000000000
01000010011100000000000000000000
01000010110010000000000000000000
01000011000011000000000000000000
01000011000011000000000000000000
01000010110010000000000000000000
01000010011100000000000000000000
01000001101000000000000000000000
11000001101000000000000000000000
11000010011100000000000000000000
11000010110010000000000000000000
11000011000011000000000000000000
11000011000011000000000000000000
11000010110010000000000000000000
11000010011100000000000000000000
11000001101000000000000000000000
01000001101000000000000000000000
01000010011100000000000000000000
01000010110010000000000000000000
01000011000011000000000000000000
01000011000011000000000000000000
01000010110010000000000000000000
01000010011100000000000000000000
01000001101000000000000000000000
11000001101000000000000000000000
11000010011100000000000000000000
11000010110010000000000000000000
11000011000011000000000000000000
11000011000011000000000000000000
11000010110010000000000000000000
11000010011100000000000000000000
11000001101000000000000000000000
01000001101000000000000000000000
01000010011100000000000000000000
01000010110010000000000000000000
01000011000011000000000000000000
01000011000011000000000000000000
01000010110010000000000000000000
01000010011100000000000000000000
01000001101000000000000000000000
11000001101000000000000000000000
11000010011100000000000000000000
11000010110010000000000000000000
11000011000011000000000000000000
11000011000011000000000000000000
11000010110010000000000000000000
11000010011100000000000000000000
11000001101000000000000000000000
01000001101000000000000000000000
01000010011100000000000000000000
01000010110010000000000000000000
01000011000011000000000000000000
01000011000011000000000000000000
01000010110010000000000000000000
01000010011100000000000000000000
01000001101000000000000000000000
11000001101000000000000000000000
11000010011100000000000000000000
11000010110010000000000000000000
11000011000011000000000000000000
